angle_min: -3.1241390705108643
angle_max: 3.1415927410125732
angle_increment: 0.01745329238474369
scan_time: 0.0880286693572998
range_min: 0.75
range_max: 12.0
